0	0	0	-1302227788	-1636674384	-1514751232
0	0	0	-1514751232	-1636674384	46301554
0	0	0	46301554	-1636674384	-876325344
0	0	0	-876325344	-1636674384	-1077270614
0	0	0	-1077270614	-1636674384	-2116832720
0	0	0	-2116832720	-1636674384	439176296
0	0	0	-2116832720	439176296	1800583424
0	0	0	-2116832720	1800583424	-754844128
0	0	0	-754844128	1800583424	54241920
0	0	0	54241920	1800583424	1166900224
0	0	0	1166900224	1800583424	-620178688

Profesor no puede ver porque no se imprimian en texto pero si en consola,tambien subi la foto
-Ejercicio con N iteraciones